PJM Wind Generation Comparison - 2022
================================================================================

       Modeled Generation (MWh)  Actual Wind Annual Generation (MWh)  Difference (MWh)  Percent Error (%)
55803                  8,858.57                             8,789.00             69.57               0.79
55805                 14,633.33                            13,983.00            650.33               4.65
55986                 34,541.57                            84,925.00        -50,383.43             -59.33
56001                 89,670.68                           101,578.00        -11,907.32             -11.72
56052                 16,903.09                            39,184.00        -22,280.91             -56.86
56160                282,580.51                           290,509.00         -7,928.49              -2.73
56226                 14,355.33                             5,108.00          9,247.33             181.04
56297                158,181.81                           218,129.00        -59,947.19             -27.48
56299                 16,922.22                            64,217.00        -47,294.78             -73.65
56300                 21,751.13                            21,629.00            122.13               0.56
56338                595,780.02                           604,274.00         -8,493.98              -1.41
56369                 41,394.14                            87,754.00        -46,359.86             -52.83
56450                216,210.50                           222,546.00         -6,335.50              -2.85
56451                 60,140.82                           198,840.00       -138,699.18             -69.75
56470                 16,764.06                            52,596.00        -35,831.94             -68.13
56495                153,787.61                           594,010.00       -440,222.39             -74.11
56614                       NaN                           612,235.00               NaN                NaN
56622                169,950.23                           171,520.00         -1,569.77              -0.92
56640                449,548.36                           452,094.00         -2,545.64              -0.56
56651                 53,968.55                           128,345.00        -74,376.45             -57.95
56699                 18,774.84                            54,302.00        -35,527.16             -65.43
56700                 24,139.08                            94,630.00        -70,490.92             -74.49
56770                 65,766.68                           206,013.00       -140,246.32             -68.08
56777              1,325,759.88                         1,274,958.00         50,801.88               3.98
56796                 36,457.27                            99,996.00        -63,538.73             -63.54
56805                262,231.95                           263,196.00           -964.05              -0.37
56941                527,032.44                           501,645.00         25,387.44               5.06
56980                 57,379.97                           136,705.00        -79,325.03             -58.03
57044                120,717.43                           266,624.00       -145,906.57             -54.72
57094                778,657.90                           803,734.00        -25,076.10              -3.12
57109                472,024.18                           460,692.00         11,332.18               2.46
57110                289,409.86                           283,582.00          5,827.86               2.06
57112                247,746.57                           245,956.00          1,790.57               0.73
57113                568,588.15                           565,825.00          2,763.15               0.49
57115                282,312.17                           278,766.00          3,546.17               1.27
57135                509,042.91                           462,296.00         46,746.91              10.11
57139                 39,473.84                           137,715.00        -98,241.16             -71.34
57151                 99,633.05                           243,742.00       -144,108.95             -59.12
57176                  4,498.24                             4,377.00            121.24               2.77
57177                206,973.15                           202,332.00          4,641.15               2.29
57182                  5,401.15                             5,868.00           -466.85              -7.96
57239                 25,768.47                            93,972.00        -68,203.53             -72.58
57240                  6,442.12                            23,493.00        -17,050.88             -72.58
57268                 34,768.65                            94,077.00        -59,308.35             -63.04
57284                650,416.06                           696,972.00        -46,555.94              -6.68
57285                 40,007.62                           105,462.00        -65,454.38             -62.06
57300                 36,134.31                           169,369.00       -133,234.69             -78.67
57325                717,720.99                           737,170.00        -19,449.01              -2.64
57447                 93,485.63                           201,488.00       -108,002.37             -53.60
57449                829,518.44                           859,532.00        -30,013.56              -3.49
57463                654,400.06                           669,727.00        -15,326.94              -2.29
57570                 10,812.90                            14,053.00         -3,240.10             -23.06
57595                 49,021.21                           176,480.00       -127,458.79             -72.22
57613                  4,346.35                             5,040.00           -693.65             -13.76
57620                325,300.05                           334,790.00         -9,489.95              -2.83
57623                325,276.42                           794,989.00       -469,712.58             -59.08
57628                341,976.20                           349,662.00         -7,685.80              -2.20
57744                 64,716.87                           226,844.00       -162,127.13             -71.47
57769                145,690.77                           389,911.00       -244,220.23             -62.63
57862                696,463.43                           718,706.00        -22,242.57              -3.09
57964                351,814.40                           362,201.00        -10,386.60              -2.87
57991                 64,351.18                           173,073.00       -108,721.82             -62.82
57998                 97,227.93                           396,686.00       -299,458.07             -75.49
57999                 30,693.44                            81,601.00        -50,907.56             -62.39
58220                 10,812.90                            13,482.00         -2,669.10             -19.80
58416                665,874.73                           683,030.00        -17,155.27              -2.51
58630                  6,811.14                             5,987.00            824.14              13.77
58694                757,954.26                           886,935.00       -128,980.74             -14.54
58780                540,824.34                           554,326.00        -13,501.66              -2.44
58887                  8,806.77                             8,658.54            148.23               1.71
58898                631,264.04                           683,633.00        -52,368.96              -7.66
58904                 30,145.07                           122,930.00        -92,784.93             -75.48
59024                    670.18                               510.00            160.18              31.41
59061                       NaN                         1,182,122.00               NaN                NaN
59147                 26,100.61                            87,844.00        -61,743.39             -70.29
59296                283,198.93                           314,614.00        -31,415.07              -9.99
59547                454,053.10                           461,700.00         -7,646.90              -1.66
59693                 37,331.32                            50,852.00        -13,520.68             -26.59
59968                545,028.24                           536,783.00          8,245.24               1.54
60015                  7,311.80                             8,321.00         -1,009.20             -12.13
60126                  3,524.24                             3,641.00           -116.76              -3.21
60128                 10,967.69                            12,083.00         -1,115.31              -9.23
60132                 93,694.80                           305,586.00       -211,891.20             -69.34
60329                 47,947.40                           105,216.00        -57,268.60             -54.43
60470                322,573.85                           326,445.00         -3,871.15              -1.19
60471                611,731.77                           613,932.00         -2,200.23              -0.36
60551                       NaN                           302,236.00               NaN                NaN
60587                635,016.59                           676,529.00        -41,512.41              -6.14
61004                  3,655.90                             4,473.00           -817.10             -18.27
61005                  9,971.84                            10,287.00           -315.16              -3.06
61303                409,919.97                           421,655.00        -11,735.03              -2.78
61330                211,221.39                           215,169.00         -3,947.61              -1.83
61344                223,840.93                           516,449.00       -292,608.07             -56.66
61356                  7,311.80                             8,037.00           -725.20              -9.02
61660                 10,295.62                            11,899.00         -1,603.38             -13.47
61735                       NaN                           621,359.00               NaN                NaN
62482                 57,923.27                           133,628.00        -75,704.73             -56.65
62592                257,492.74                           615,065.00       -357,572.26             -58.14
62606                       NaN                           207,602.00               NaN                NaN
62653                 10,967.69                            12,107.00         -1,139.31              -9.41
62752                 10,812.90                            13,003.00         -2,190.10             -16.84
62944                       NaN                           421,100.00               NaN                NaN
63251                232,592.16                           318,431.00        -85,838.84             -26.96
63666                420,729.43                           430,644.00         -9,914.57              -2.30
63988                954,183.64                         1,001,258.00        -47,074.36              -4.70
64433                       NaN                           267,036.00               NaN                NaN

================================================================================
Total Modeled Generation (MWh): 22,506,879.77
Total Actual Generation (MWh): 31,417,114.54
Total Difference (MWh): -5,296,544.77
